0.0,0.0,0.0,0.0,0.0,0.02
0.0,0.0,0.0,0.0,0.0,0.06
0.0,0.0,0.0,0.0,0.0,0.09
0.0,0.0,0.0,0.0,0.0,0.15
0.0,0.0,0.0,0.0,0.0,0.18
0.0,0.0,0.0,0.0,0.0,0.22
0.0,0.0,0.0,0.0,0.0,0.29
1.0,0.0,0.0,0.0,0.0,0.32
1.0,0.0,0.0,0.0,0.0,0.35
1.0,0.0,0.0,0.0,0.0,0.37
1.0,0.0,0.0,0.0,0.0,0.41
1.0,0.0,0.0,0.0,0.0,0.43
1.0,0.0,0.0,0.0,0.0,0.48
1.0,0.0,0.0,0.0,0.0,0.51
1.0,0.0,0.0,0.0,0.0,0.56
1.0,0.0,0.0,0.0,0.0,0.6
1.0,0.0,0.0,0.0,0.0,0.64
1.0,0.0,0.0,0.0,0.0,0.68
1.0,0.0,0.0,0.0,0.0,0.7
1.0,0.0,0.0,0.0,0.0,0.73
1.0,0.0,0.0,0.0,0.0,0.75
1.0,0.0,0.0,0.0,0.0,0.82
1.0,0.0,0.0,0.0,0.0,0.87
1.0,0.0,0.0,0.0,0.0,0.91
1.0,0.0,0.0,0.0,0.0,0.94
1.0,0.0,0.0,0.0,0.0,1.0
1.0,0.0,0.0,0.0,0.0,1.02
1.0,0.0,0.0,0.0,0.0,1.08
1.0,0.0,0.0,0.0,0.0,1.1
1.0,0.0,0.0,0.0,0.0,1.17
1.0,0.0,0.0,0.0,0.0,1.19
1.0,0.0,0.0,0.0,0.0,1.21
1.0,0.0,0.0,0.0,0.0,1.24
1.0,0.0,0.0,0.0,0.0,1.26
1.0,0.0,0.0,0.0,0.0,1.29
1.0,0.0,0.0,0.0,0.0,1.31
1.0,0.0,0.0,0.0,0.0,1.39
1.0,0.0,0.0,0.0,0.0,1.42
1.0,0.0,0.0,0.0,0.0,1.49
1.0,0.0,0.0,0.0,0.0,1.56
1.0,0.0,0.0,0.0,0.0,1.63
1.0,0.0,0.0,0.0,0.0,1.65
1.0,0.0,0.0,0.0,0.0,1.68
1.0,0.0,0.0,0.0,0.0,1.7
1.0,0.0,0.0,0.0,0.0,1.76
1.0,0.0,0.0,0.0,0.0,1.78
1.0,0.0,0.0,0.0,0.0,1.81
1.0,0.0,0.0,0.0,0.0,1.85
1.0,0.0,0.0,0.0,0.0,1.88
1.0,0.0,0.0,0.0,0.0,1.92
1.0,0.0,0.0,0.0,0.0,1.95
1.0,0.0,0.0,0.0,0.0,2.02
1.0,0.0,0.0,0.0,0.0,2.04
1.0,0.0,0.0,0.0,0.0,2.06
1.0,0.0,0.0,0.0,0.0,2.1
1.0,0.0,0.0,0.0,0.0,2.12
1.0,0.0,0.0,0.0,0.0,2.14
1.0,0.0,0.0,0.0,0.0,2.17
1.0,0.0,0.0,0.0,0.0,2.19
1.0,0.0,0.0,0.0,0.0,2.23
1.0,0.0,0.0,0.0,0.0,2.26
1.0,0.0,0.0,0.0,0.0,2.32
1.0,0.0,0.0,0.0,0.0,2.34
1.0,0.0,0.0,0.0,0.0,2.38
1.0,0.0,0.0,0.0,0.0,2.43
1.0,0.0,0.0,0.0,0.0,2.46
1.0,0.0,0.0,0.0,0.0,2.51
1.0,0.0,0.0,0.0,0.0,2.58
1.0,0.0,0.0,0.0,0.0,2.65
1.0,0.0,0.0,0.0,0.0,2.68
1.0,0.0,0.0,0.0,0.0,2.71
1.0,0.0,0.0,0.0,0.0,2.73
1.0,0.0,0.0,0.0,0.0,2.78
1.0,0.0,0.0,0.0,0.0,2.82
1.0,0.0,0.0,0.0,0.0,2.84
1.0,0.0,0.0,0.0,0.0,2.86
1.0,0.0,0.0,0.0,0.0,2.9
1.0,0.0,0.0,0.0,0.0,2.93
1.0,0.0,0.0,0.0,0.0,2.96
1.0,0.0,0.0,0.0,0.0,2.98
1.0,0.0,0.0,0.0,0.0,3.02
1.0,0.0,0.0,0.0,0.0,3.04
1.0,0.0,0.0,0.0,0.0,3.11
1.0,0.0,0.0,0.0,0.0,3.17
1.0,0.0,0.0,0.0,0.0,3.2
1.0,0.0,0.0,0.0,0.0,3.23
1.0,0.0,0.0,0.0,0.0,3.27
1.0,0.0,0.0,0.0,0.0,3.3
1.0,0.0,0.0,0.0,0.0,3.35
1.0,0.0,0.0,0.0,0.0,3.39
1.0,0.0,0.0,0.0,0.0,3.44
1.0,0.0,0.0,0.0,0.0,3.49
1.0,0.0,0.0,0.0,0.0,3.52
1.0,0.0,0.0,0.0,0.0,3.55
1.0,0.0,0.0,0.0,0.0,3.58
1.0,0.0,0.0,0.0,0.0,3.61
1.0,0.0,0.0,0.0,0.0,3.64
1.0,0.0,0.0,0.0,0.0,3.67
1.0,0.0,0.0,0.0,0.0,3.71
1.0,0.0,0.0,0.0,0.0,3.75
1.0,0.0,0.0,0.0,0.0,3.78
1.0,0.0,0.0,0.0,0.0,3.8
1.0,0.0,0.0,0.0,0.0,3.82
1.0,0.0,0.0,0.0,0.0,3.85
1.0,0.0,0.0,0.0,0.0,3.9
1.0,0.0,0.0,0.0,0.0,3.93
1.0,0.0,0.0,0.0,0.0,3.96
1.0,0.0,0.0,0.0,0.0,3.98
1.0,0.0,0.0,0.0,0.0,4.03
1.0,0.0,0.0,0.0,0.0,4.05
1.0,0.0,0.0,0.0,0.0,4.08
1.0,0.0,0.0,0.0,0.0,4.1
1.0,0.0,0.0,0.0,0.0,4.13
1.0,0.0,0.0,0.0,0.0,4.16
1.0,0.0,0.0,0.0,0.0,4.19
1.0,0.0,0.0,0.0,0.0,4.21
1.0,0.0,1.0,0.0,0.0,4.23
1.0,0.0,1.0,0.0,0.0,4.26
1.0,0.0,1.0,0.0,0.0,4.29
1.0,0.0,1.0,0.0,0.0,4.31
1.0,0.0,1.0,0.0,0.0,4.36
1.0,0.0,1.0,0.0,0.0,4.4
1.0,0.0,1.0,0.0,0.0,4.41
1.0,0.0,1.0,0.0,0.0,4.44
1.0,0.0,1.0,0.0,0.0,4.47
1.0,0.0,1.0,0.0,0.0,4.5
1.0,0.0,1.0,0.0,0.0,4.52
1.0,0.0,1.0,0.0,0.0,4.57
1.0,0.0,1.0,0.0,0.0,4.6
1.0,0.0,1.0,0.0,0.0,4.65
1.0,0.0,1.0,0.0,0.0,4.67
1.0,0.0,1.0,0.0,0.0,4.7
1.0,0.0,1.0,0.0,0.0,4.74
1.0,0.0,1.0,0.0,0.0,4.79
1.0,0.0,1.0,0.0,0.0,4.84
1.0,0.0,1.0,0.0,0.0,4.89
1.0,0.0,1.0,0.0,0.0,4.91
1.0,0.0,1.0,0.0,0.0,4.95
1.0,0.0,1.0,0.0,0.0,4.97
1.0,0.0,1.0,0.0,0.0,4.99
1.0,0.0,1.0,0.0,0.0,5.02
1.0,0.0,1.0,0.0,0.0,5.05
1.0,0.0,1.0,0.0,0.0,5.09
1.0,0.0,1.0,0.0,0.0,5.11
1.0,0.0,1.0,0.0,0.0,5.17
1.0,0.0,1.0,0.0,0.0,5.23
1.0,0.0,1.0,0.0,0.0,5.27
1.0,0.0,1.0,0.0,0.0,5.3
1.0,0.0,1.0,0.0,0.0,5.35
1.0,0.0,1.0,0.0,0.0,5.38
1.0,0.0,1.0,0.0,0.0,5.42
1.0,0.0,1.0,0.0,0.0,5.45
1.0,0.0,1.0,0.0,0.0,5.51
1.0,0.0,1.0,0.0,0.0,5.53
1.0,0.0,1.0,0.0,0.0,5.55
1.0,0.0,1.0,0.0,0.0,5.6
1.0,0.0,1.0,0.0,0.0,5.62
1.0,0.0,1.0,0.0,0.0,5.66
1.0,0.0,1.0,0.0,0.0,5.7
1.0,0.0,1.0,0.0,0.0,5.73
1.0,0.0,1.0,0.0,0.0,5.76
1.0,0.0,1.0,0.0,0.0,5.78
1.0,0.0,1.0,0.0,0.0,5.81
1.0,0.0,1.0,0.0,0.0,5.83
1.0,0.0,1.0,0.0,0.0,5.86
1.0,0.0,1.0,0.0,0.0,5.88
1.0,0.0,1.0,0.0,0.0,5.9
1.0,0.0,1.0,0.0,0.0,5.93
1.0,0.0,1.0,0.0,0.0,5.95
1.0,0.0,1.0,0.0,0.0,5.98
1.0,0.0,0.0,0.0,0.0,6.0
1.0,0.0,0.0,0.0,0.0,6.04
1.0,0.0,0.0,0.0,0.0,6.08
1.0,0.0,0.0,0.0,0.0,6.12
1.0,0.0,0.0,0.0,0.0,6.16
1.0,0.0,0.0,0.0,0.0,6.19
1.0,0.0,0.0,0.0,0.0,6.22
1.0,0.0,0.0,0.0,0.0,6.26
1.0,0.0,0.0,0.0,0.0,6.3
1.0,0.0,0.0,0.0,0.0,6.35
1.0,0.0,0.0,0.0,0.0,6.38
1.0,0.0,0.0,0.0,0.0,6.42
1.0,0.0,0.0,0.0,0.0,6.44
1.0,0.0,0.0,0.0,0.0,6.46
1.0,0.0,0.0,0.0,0.0,6.48
1.0,0.0,0.0,0.0,0.0,6.5
1.0,0.0,0.0,0.0,0.0,6.54
1.0,0.0,0.0,0.0,0.0,6.56
1.0,0.0,0.0,0.0,0.0,6.6
1.0,0.0,0.0,0.0,0.0,6.66
1.0,0.0,0.0,0.0,0.0,6.69
1.0,0.0,0.0,0.0,0.0,6.72
1.0,0.0,0.0,0.0,0.0,6.74
1.0,0.0,0.0,0.0,0.0,6.78
1.0,0.0,0.0,0.0,0.0,6.81
1.0,0.0,0.0,0.0,0.0,6.83
1.0,0.0,0.0,0.0,0.0,6.89
1.0,0.0,0.0,0.0,0.0,6.96
1.0,0.0,0.0,0.0,0.0,6.99
1.0,0.0,0.0,0.0,0.0,7.05
1.0,0.0,0.0,0.0,0.0,7.08
1.0,0.0,0.0,0.0,0.0,7.11
1.0,0.0,0.0,0.0,0.0,7.14
1.0,0.0,0.0,0.0,0.0,7.17
1.0,0.0,0.0,0.0,0.0,7.21
1.0,0.0,0.0,0.0,0.0,7.25
1.0,0.0,0.0,0.0,0.0,7.28
1.0,0.0,0.0,0.0,0.0,7.34
1.0,0.0,0.0,0.0,0.0,7.41
1.0,0.0,0.0,0.0,0.0,7.44
1.0,0.0,0.0,0.0,0.0,7.48
1.0,0.0,0.0,0.0,0.0,7.5
1.0,0.0,0.0,0.0,0.0,7.55
1.0,0.0,0.0,0.0,0.0,7.57
1.0,0.0,0.0,0.0,0.0,7.6
1.0,0.0,0.0,0.0,0.0,7.64
1.0,0.0,0.0,0.0,0.0,7.67
1.0,0.0,0.0,0.0,0.0,7.69
1.0,0.0,0.0,0.0,0.0,7.71
1.0,0.0,0.0,0.0,0.0,7.74
1.0,0.0,0.0,0.0,0.0,7.81
1.0,0.0,0.0,0.0,0.0,7.84
1.0,0.0,0.0,0.0,0.0,7.86
1.0,0.0,0.0,0.0,0.0,7.88
1.0,0.0,0.0,0.0,0.0,7.91
1.0,0.0,0.0,0.0,0.0,7.96
1.0,0.0,0.0,0.0,0.0,7.99
1.0,0.0,0.0,0.0,0.0,8.01
1.0,0.0,0.0,0.0,0.0,8.04
1.0,0.0,0.0,0.0,0.0,8.07
1.0,0.0,0.0,0.0,0.0,8.13
1.0,0.0,0.0,0.0,0.0,8.16
1.0,0.0,0.0,0.0,0.0,8.19
1.0,0.0,0.0,0.0,0.0,8.22
1.0,0.0,0.0,0.0,0.0,8.25
1.0,0.0,0.0,0.0,0.0,8.27
1.0,0.0,0.0,0.0,0.0,8.32
1.0,0.0,0.0,0.0,0.0,8.39
1.0,0.0,0.0,0.0,0.0,8.42
1.0,0.0,0.0,0.0,0.0,8.44
1.0,0.0,0.0,0.0,0.0,8.48
1.0,0.0,0.0,0.0,0.0,8.54
1.0,0.0,0.0,0.0,0.0,8.56
1.0,0.0,0.0,0.0,0.0,8.58
1.0,0.0,0.0,0.0,0.0,8.61
1.0,0.0,0.0,0.0,0.0,8.64
1.0,0.0,0.0,0.0,0.0,8.69
1.0,0.0,0.0,0.0,0.0,8.72
1.0,0.0,0.0,0.0,0.0,8.76
1.0,0.0,0.0,0.0,0.0,8.82
1.0,0.0,0.0,0.0,0.0,8.87
1.0,0.0,0.0,0.0,0.0,8.89
1.0,0.0,0.0,0.0,0.0,8.92
1.0,0.0,0.0,0.0,0.0,8.97
1.0,0.0,0.0,0.0,0.0,9.0
1.0,0.0,0.0,0.0,0.0,9.02
1.0,0.0,0.0,0.0,0.0,9.06
1.0,0.0,0.0,0.0,0.0,9.08
1.0,0.0,0.0,0.0,0.0,9.14
1.0,0.0,0.0,0.0,0.0,9.16
1.0,0.0,0.0,0.0,0.0,9.22
1.0,0.0,0.0,0.0,0.0,9.29
1.0,0.0,0.0,0.0,0.0,9.31
1.0,0.0,0.0,0.0,0.0,9.34
1.0,0.0,0.0,0.0,0.0,9.41
1.0,0.0,0.0,0.0,0.0,9.43
1.0,0.0,0.0,0.0,0.0,9.45
1.0,0.0,0.0,0.0,0.0,9.49
1.0,0.0,0.0,0.0,0.0,9.56
1.0,0.0,0.0,0.0,0.0,9.61
1.0,0.0,0.0,0.0,0.0,9.67
1.0,0.0,0.0,0.0,0.0,9.69
1.0,0.0,0.0,0.0,0.0,9.71
1.0,0.0,0.0,0.0,0.0,9.73
1.0,0.0,0.0,0.0,0.0,9.75
1.0,0.0,0.0,0.0,0.0,9.77
1.0,0.0,0.0,0.0,0.0,9.79
1.0,0.0,0.0,0.0,0.0,9.82
1.0,0.0,0.0,0.0,0.0,9.84
1.0,0.0,0.0,0.0,0.0,9.88
1.0,0.0,0.0,0.0,0.0,9.95
1.0,0.0,0.0,0.0,0.0,9.97
1.0,0.0,0.0,0.0,0.0,10.0
1.0,0.0,0.0,0.0,0.0,10.05
1.0,0.0,0.0,0.0,0.0,10.07
1.0,0.0,0.0,0.0,0.0,10.1
1.0,0.0,0.0,0.0,0.0,10.15
1.0,0.0,0.0,0.0,0.0,10.17
1.0,0.0,0.0,0.0,0.0,10.23
1.0,0.0,0.0,0.0,0.0,10.27
1.0,0.0,0.0,0.0,0.0,10.32
1.0,0.0,0.0,0.0,0.0,10.35
1.0,0.0,0.0,0.0,0.0,10.39
1.0,0.0,0.0,0.0,0.0,10.45
1.0,0.0,0.0,0.0,0.0,10.49
1.0,0.0,0.0,0.0,0.0,10.51
1.0,0.0,0.0,0.0,0.0,10.55
1.0,0.0,0.0,0.0,0.0,10.59
1.0,0.0,0.0,0.0,0.0,10.62
1.0,0.0,0.0,0.0,0.0,10.65
1.0,0.0,0.0,0.0,0.0,10.7
1.0,0.0,0.0,0.0,0.0,10.73
1.0,0.0,0.0,0.0,0.0,10.76
1.0,0.0,0.0,0.0,0.0,10.78
1.0,0.0,0.0,0.0,0.0,10.81
1.0,0.0,0.0,0.0,0.0,10.83
1.0,0.0,0.0,0.0,0.0,10.86
1.0,0.0,0.0,0.0,0.0,10.9
1.0,0.0,0.0,0.0,0.0,10.92
1.0,0.0,0.0,0.0,0.0,10.96
1.0,0.0,0.0,0.0,0.0,10.99
1.0,0.0,0.0,0.0,0.0,11.05
1.0,0.0,0.0,0.0,0.0,11.08
1.0,0.0,0.0,0.0,0.0,11.1
1.0,0.0,0.0,0.0,0.0,11.12
1.0,0.0,0.0,0.0,0.0,11.17
1.0,0.0,0.0,0.0,0.0,11.2
1.0,0.0,0.0,0.0,0.0,11.26
1.0,0.0,0.0,0.0,0.0,11.29
1.0,0.0,0.0,0.0,0.0,11.31
1.0,0.0,0.0,0.0,0.0,11.36
1.0,0.0,0.0,0.0,0.0,11.42
1.0,0.0,0.0,0.0,0.0,11.48
1.0,0.0,0.0,0.0,0.0,11.51
1.0,0.0,0.0,0.0,0.0,11.54
1.0,0.0,0.0,0.0,0.0,11.57
1.0,0.0,0.0,0.0,0.0,11.61
1.0,0.0,0.0,0.0,0.0,11.63
1.0,0.0,0.0,0.0,0.0,11.66
1.0,0.0,0.0,0.0,0.0,11.68
1.0,0.0,0.0,0.0,0.0,11.72
1.0,0.0,0.0,0.0,0.0,11.73
1.0,0.0,0.0,0.0,0.0,11.79
1.0,0.0,0.0,0.0,0.0,11.81
1.0,0.0,0.0,0.0,0.0,11.84
1.0,0.0,0.0,0.0,0.0,11.87
1.0,0.0,0.0,0.0,0.0,11.89
1.0,0.0,0.0,0.0,0.0,11.95
1.0,0.0,0.0,0.0,0.0,11.97
1.0,0.0,0.0,0.0,0.0,11.99
1.0,0.0,0.0,0.0,0.0,12.03
1.0,0.0,0.0,0.0,0.0,12.06
1.0,0.0,0.0,0.0,0.0,12.09
1.0,0.0,0.0,0.0,0.0,12.13
1.0,0.0,0.0,0.0,0.0,12.17
1.0,0.0,0.0,0.0,0.0,12.2
1.0,0.0,0.0,0.0,0.0,12.26
1.0,0.0,0.0,0.0,0.0,12.28
1.0,0.0,0.0,0.0,0.0,12.3
1.0,0.0,0.0,0.0,0.0,12.32
1.0,0.0,0.0,0.0,0.0,12.37
1.0,0.0,0.0,0.0,0.0,12.41
1.0,0.0,0.0,0.0,0.0,12.48
1.0,0.0,0.0,0.0,0.0,12.5
1.0,0.0,0.0,0.0,0.0,12.53
1.0,0.0,0.0,0.0,0.0,12.55
1.0,0.0,0.0,0.0,0.0,12.58
1.0,0.0,0.0,0.0,0.0,12.6
1.0,0.0,0.0,0.0,0.0,12.64
1.0,0.0,0.0,0.0,0.0,12.67
1.0,0.0,0.0,0.0,0.0,12.7
1.0,0.0,0.0,0.0,0.0,12.72
1.0,0.0,0.0,0.0,0.0,12.77
1.0,0.0,0.0,0.0,0.0,12.81
1.0,0.0,0.0,0.0,0.0,12.83
1.0,0.0,0.0,0.0,0.0,12.85
1.0,0.0,0.0,0.0,0.0,12.88
1.0,0.0,0.0,0.0,0.0,12.91
1.0,0.0,0.0,0.0,0.0,12.93
1.0,0.0,0.0,0.0,0.0,12.99
1.0,0.0,0.0,0.0,0.0,13.07
1.0,0.0,0.0,0.0,0.0,13.09
1.0,0.0,0.0,0.0,0.0,13.11
1.0,0.0,0.0,0.0,0.0,13.14
1.0,0.0,0.0,0.0,0.0,13.17
1.0,0.0,0.0,0.0,0.0,13.18
1.0,0.0,0.0,0.0,0.0,13.21
1.0,0.0,0.0,0.0,0.0,13.27
1.0,0.0,0.0,0.0,0.0,13.3
1.0,0.0,0.0,0.0,0.0,13.32
1.0,0.0,0.0,0.0,0.0,13.39
1.0,0.0,0.0,0.0,0.0,13.41
1.0,0.0,0.0,0.0,0.0,13.48
1.0,0.0,0.0,0.0,0.0,13.55
1.0,0.0,0.0,0.0,0.0,13.58
1.0,0.0,0.0,0.0,0.0,13.61
1.0,0.0,0.0,0.0,0.0,13.63
1.0,0.0,0.0,0.0,0.0,13.65
1.0,0.0,0.0,0.0,0.0,13.72
1.0,0.0,0.0,0.0,0.0,13.75
1.0,0.0,0.0,0.0,0.0,13.76
1.0,0.0,0.0,0.0,0.0,13.83
1.0,0.0,0.0,0.0,0.0,13.85
1.0,0.0,0.0,0.0,0.0,13.87
1.0,0.0,0.0,0.0,0.0,13.91
1.0,0.0,0.0,0.0,0.0,13.94
1.0,0.0,0.0,0.0,0.0,13.99
1.0,0.0,0.0,0.0,0.0,14.02
1.0,0.0,0.0,0.0,0.0,14.04
1.0,0.0,0.0,0.0,0.0,14.08
1.0,0.0,0.0,0.0,0.0,14.14
1.0,0.0,0.0,0.0,0.0,14.2
1.0,0.0,0.0,0.0,0.0,14.26
1.0,0.0,0.0,0.0,0.0,14.32
1.0,0.0,0.0,0.0,0.0,14.38
1.0,0.0,0.0,0.0,0.0,14.41
1.0,0.0,0.0,0.0,0.0,14.44
1.0,0.0,0.0,0.0,0.0,14.47
1.0,0.0,0.0,0.0,0.0,14.51
1.0,0.0,0.0,0.0,0.0,14.55
1.0,0.0,0.0,0.0,0.0,14.59
1.0,0.0,0.0,0.0,0.0,14.61
1.0,0.0,0.0,0.0,0.0,14.63
1.0,0.0,0.0,0.0,0.0,14.66
1.0,0.0,0.0,0.0,0.0,14.68
1.0,0.0,0.0,0.0,0.0,14.75
1.0,0.0,0.0,0.0,0.0,14.8
1.0,0.0,0.0,0.0,0.0,14.84
1.0,0.0,0.0,0.0,0.0,14.87
1.0,0.0,0.0,0.0,0.0,14.94
1.0,0.0,0.0,0.0,0.0,14.98
1.0,0.0,0.0,0.0,0.0,15.01
1.0,0.0,0.0,0.0,0.0,15.04
1.0,0.0,0.0,0.0,0.0,15.06
1.0,0.0,0.0,0.0,0.0,15.08
1.0,0.0,0.0,0.0,0.0,15.11
1.0,0.0,0.0,0.0,0.0,15.14
1.0,0.0,0.0,0.0,0.0,15.2
1.0,0.0,0.0,0.0,0.0,15.23
1.0,0.0,0.0,0.0,0.0,15.27
1.0,0.0,0.0,0.0,0.0,15.29
1.0,0.0,0.0,0.0,0.0,15.31
1.0,0.0,0.0,0.0,0.0,15.34
1.0,0.0,0.0,0.0,0.0,15.37
1.0,0.0,0.0,0.0,0.0,15.38
1.0,0.0,0.0,0.0,0.0,15.41
1.0,0.0,0.0,0.0,0.0,15.44
1.0,0.0,0.0,0.0,0.0,15.47
1.0,0.0,0.0,0.0,0.0,15.49
1.0,0.0,0.0,0.0,0.0,15.51
1.0,0.0,0.0,0.0,0.0,15.54
1.0,0.0,0.0,0.0,0.0,15.59
1.0,0.0,0.0,0.0,0.0,15.61
1.0,0.0,0.0,0.0,0.0,15.64
1.0,0.0,0.0,0.0,0.0,15.67
1.0,0.0,0.0,0.0,0.0,15.69
1.0,0.0,0.0,0.0,0.0,15.72
1.0,0.0,0.0,0.0,0.0,15.76
1.0,0.0,0.0,0.0,0.0,15.79
1.0,0.0,0.0,0.0,0.0,15.82
1.0,0.0,0.0,0.0,0.0,15.86
1.0,0.0,0.0,0.0,0.0,15.89
1.0,0.0,0.0,0.0,0.0,15.92
1.0,0.0,0.0,0.0,0.0,15.95
1.0,0.0,0.0,0.0,0.0,15.98
1.0,0.0,0.0,0.0,0.0,16.0
1.0,0.0,0.0,0.0,0.0,16.02
1.0,0.0,0.0,0.0,0.0,16.06
1.0,0.0,0.0,0.0,0.0,16.12
1.0,0.0,0.0,0.0,0.0,16.16
1.0,0.0,0.0,0.0,0.0,16.22
1.0,0.0,0.0,0.0,0.0,16.24
1.0,0.0,0.0,0.0,0.0,16.26
1.0,0.0,0.0,0.0,0.0,16.28
1.0,0.0,0.0,0.0,0.0,16.31
1.0,0.0,0.0,0.0,0.0,16.34
1.0,0.0,0.0,0.0,0.0,16.41
1.0,0.0,0.0,0.0,0.0,16.44
1.0,0.0,0.0,0.0,0.0,16.49
1.0,0.0,0.0,0.0,0.0,16.52
1.0,0.0,0.0,0.0,0.0,16.55
1.0,0.0,0.0,0.0,0.0,16.57
1.0,0.0,0.0,0.0,0.0,16.61
1.0,0.0,0.0,0.0,0.0,16.64
1.0,0.0,0.0,0.0,0.0,16.68
1.0,0.0,0.0,0.0,0.0,16.74
1.0,0.0,0.0,0.0,0.0,16.78
1.0,0.0,0.0,0.0,0.0,16.83
1.0,0.0,0.0,0.0,0.0,16.89
1.0,0.0,0.0,0.0,0.0,16.91
1.0,0.0,0.0,0.0,0.0,16.97
1.0,0.0,0.0,0.0,0.0,16.99
1.0,0.0,0.0,0.0,0.0,17.02
1.0,0.0,0.0,0.0,0.0,17.04
1.0,0.0,0.0,0.0,0.0,17.07
1.0,0.0,0.0,0.0,0.0,17.11
1.0,0.0,0.0,0.0,0.0,17.17
1.0,0.0,0.0,0.0,0.0,17.19
1.0,0.0,0.0,0.0,0.0,17.21
1.0,0.0,0.0,0.0,0.0,17.28
1.0,0.0,0.0,0.0,0.0,17.34
1.0,0.0,0.0,0.0,0.0,17.37
1.0,0.0,0.0,0.0,0.0,17.39
1.0,0.0,0.0,0.0,0.0,17.42
1.0,0.0,0.0,0.0,0.0,17.48
1.0,0.0,0.0,0.0,0.0,17.51
1.0,0.0,0.0,0.0,0.0,17.53
1.0,0.0,0.0,0.0,0.0,17.55
1.0,0.0,0.0,0.0,0.0,17.58
1.0,0.0,0.0,0.0,0.0,17.61
1.0,0.0,0.0,0.0,0.0,17.63
1.0,0.0,0.0,0.0,0.0,17.65
1.0,0.0,0.0,0.0,0.0,17.67
1.0,0.0,0.0,0.0,0.0,17.7
1.0,0.0,0.0,0.0,0.0,17.74
1.0,0.0,0.0,0.0,0.0,17.77
1.0,0.0,0.0,0.0,0.0,17.81
1.0,0.0,0.0,0.0,0.0,17.83
1.0,0.0,0.0,0.0,0.0,17.85
1.0,0.0,0.0,0.0,0.0,17.87
1.0,0.0,0.0,0.0,0.0,17.92
1.0,0.0,0.0,0.0,0.0,17.96
1.0,0.0,0.0,0.0,0.0,18.0
1.0,0.0,0.0,0.0,0.0,18.03
1.0,0.0,0.0,0.0,0.0,18.05
1.0,0.0,0.0,0.0,0.0,18.09
1.0,0.0,0.0,0.0,0.0,18.13
1.0,0.0,0.0,0.0,0.0,18.16
1.0,0.0,0.0,0.0,0.0,18.21
1.0,0.0,0.0,0.0,0.0,18.26
1.0,0.0,0.0,0.0,0.0,18.31
1.0,0.0,0.0,0.0,0.0,18.33
1.0,0.0,0.0,0.0,0.0,18.36
1.0,0.0,0.0,0.0,0.0,18.38
1.0,0.0,0.0,0.0,0.0,18.44
1.0,0.0,0.0,0.0,0.0,18.46
1.0,0.0,0.0,0.0,0.0,18.49
1.0,0.0,0.0,0.0,0.0,18.53
1.0,0.0,0.0,0.0,0.0,18.55
1.0,0.0,0.0,0.0,0.0,18.57
1.0,0.0,0.0,0.0,0.0,18.59
1.0,0.0,0.0,0.0,0.0,18.62
1.0,0.0,0.0,0.0,0.0,18.69
1.0,0.0,0.0,0.0,0.0,18.72
1.0,0.0,0.0,0.0,0.0,18.77
1.0,0.0,0.0,0.0,0.0,18.79
1.0,0.0,0.0,0.0,0.0,18.84
1.0,0.0,0.0,0.0,0.0,18.86
1.0,0.0,0.0,0.0,0.0,18.88
1.0,0.0,0.0,0.0,0.0,18.95
1.0,0.0,0.0,0.0,0.0,18.98
1.0,0.0,0.0,0.0,0.0,19.01
1.0,0.0,0.0,0.0,0.0,19.03
1.0,0.0,0.0,0.0,0.0,19.06
1.0,0.0,0.0,0.0,0.0,19.08
1.0,0.0,0.0,0.0,0.0,19.1
1.0,0.0,0.0,0.0,0.0,19.14
1.0,0.0,0.0,0.0,0.0,19.17
1.0,0.0,0.0,0.0,0.0,19.19
1.0,0.0,0.0,0.0,0.0,19.21
1.0,0.0,0.0,0.0,0.0,19.29
1.0,0.0,0.0,0.0,0.0,19.33
1.0,0.0,0.0,0.0,0.0,19.35
1.0,0.0,0.0,0.0,0.0,19.37
1.0,0.0,0.0,0.0,0.0,19.42
1.0,0.0,0.0,0.0,0.0,19.48
1.0,0.0,0.0,0.0,0.0,19.51
1.0,0.0,0.0,0.0,0.0,19.54
1.0,0.0,0.0,0.0,0.0,19.6
1.0,0.0,0.0,0.0,0.0,19.64
1.0,0.0,0.0,0.0,0.0,19.68
1.0,0.0,0.0,0.0,0.0,19.7
1.0,0.0,0.0,0.0,0.0,19.72
1.0,0.0,0.0,0.0,0.0,19.78
1.0,0.0,0.0,0.0,0.0,19.85
1.0,0.0,0.0,0.0,0.0,19.91
1.0,0.0,0.0,0.0,0.0,19.95
1.0,0.0,0.0,0.0,0.0,19.98
1.0,0.0,0.0,0.0,0.0,20.05
1.0,0.0,0.0,0.0,0.0,20.07
1.0,0.0,0.0,0.0,0.0,20.1
1.0,0.0,0.0,0.0,0.0,20.12
1.0,0.0,0.0,0.0,0.0,20.14
1.0,0.0,0.0,0.0,0.0,20.17
1.0,0.0,0.0,0.0,0.0,20.21
1.0,0.0,0.0,0.0,0.0,20.24
1.0,0.0,0.0,0.0,0.0,20.3
1.0,0.0,0.0,0.0,0.0,20.33
1.0,0.0,0.0,0.0,0.0,20.36
1.0,0.0,0.0,0.0,0.0,20.38
1.0,0.0,0.0,0.0,0.0,20.43
1.0,0.0,0.0,0.0,0.0,20.45
1.0,0.0,0.0,0.0,0.0,20.49
1.0,0.0,0.0,0.0,0.0,20.53
1.0,0.0,0.0,0.0,0.0,20.6
1.0,0.0,0.0,0.0,0.0,20.66
1.0,0.0,0.0,0.0,0.0,20.7
1.0,0.0,0.0,0.0,0.0,20.73
1.0,0.0,0.0,0.0,0.0,20.77
1.0,0.0,0.0,0.0,0.0,20.81
1.0,0.0,0.0,0.0,0.0,20.87
1.0,0.0,0.0,0.0,0.0,20.91
1.0,0.0,0.0,0.0,0.0,20.98
1.0,0.0,0.0,0.0,0.0,21.05
1.0,0.0,0.0,0.0,0.0,21.09
1.0,0.0,0.0,0.0,0.0,21.12
1.0,0.0,0.0,0.0,0.0,21.15
1.0,0.0,0.0,0.0,0.0,21.18
1.0,0.0,0.0,0.0,0.0,21.22
1.0,0.0,0.0,0.0,0.0,21.26
1.0,0.0,0.0,0.0,0.0,21.29
1.0,0.0,0.0,0.0,0.0,21.32
1.0,0.0,0.0,0.0,0.0,21.36
1.0,0.0,0.0,0.0,0.0,21.39
1.0,0.0,0.0,0.0,0.0,21.41
1.0,0.0,0.0,0.0,0.0,21.47
1.0,0.0,0.0,0.0,0.0,21.49
1.0,0.0,0.0,0.0,0.0,21.52
1.0,0.0,0.0,0.0,0.0,21.54
1.0,0.0,0.0,0.0,0.0,21.6
1.0,0.0,0.0,0.0,0.0,21.65
1.0,0.0,0.0,0.0,0.0,21.67
1.0,0.0,0.0,0.0,0.0,21.69
1.0,0.0,0.0,0.0,0.0,21.72
1.0,0.0,0.0,0.0,0.0,21.75
1.0,0.0,0.0,0.0,0.0,21.78
1.0,0.0,0.0,0.0,0.0,21.83
1.0,0.0,0.0,0.0,0.0,21.86
1.0,0.0,0.0,0.0,0.0,21.88
1.0,0.0,0.0,0.0,0.0,21.92
1.0,0.0,0.0,0.0,0.0,21.94
1.0,0.0,0.0,0.0,0.0,21.99
1.0,0.0,0.0,0.0,0.0,22.05
1.0,0.0,0.0,0.0,0.0,22.08
1.0,0.0,0.0,0.0,0.0,22.11
1.0,0.0,0.0,0.0,0.0,22.13
1.0,0.0,0.0,0.0,0.0,22.16
1.0,0.0,0.0,0.0,0.0,22.18
1.0,0.0,0.0,0.0,0.0,22.2
1.0,0.0,0.0,0.0,0.0,22.24
1.0,0.0,0.0,0.0,0.0,22.26
1.0,0.0,0.0,0.0,0.0,22.32
1.0,0.0,0.0,0.0,0.0,22.35
1.0,0.0,0.0,0.0,0.0,22.36
1.0,0.0,0.0,0.0,0.0,22.4
1.0,0.0,0.0,0.0,0.0,22.46
1.0,0.0,0.0,0.0,0.0,22.48
1.0,0.0,0.0,0.0,0.0,22.5
1.0,0.0,0.0,0.0,0.0,22.52
1.0,0.0,0.0,0.0,0.0,22.55
1.0,0.0,0.0,0.0,0.0,22.58
1.0,0.0,0.0,0.0,0.0,22.6
1.0,0.0,0.0,0.0,0.0,22.62
1.0,0.0,0.0,0.0,0.0,22.66
1.0,0.0,0.0,0.0,0.0,22.7
1.0,0.0,0.0,0.0,0.0,22.72
1.0,0.0,0.0,0.0,0.0,22.78
1.0,0.0,0.0,0.0,0.0,22.81
1.0,0.0,0.0,0.0,0.0,22.84
1.0,0.0,0.0,0.0,0.0,22.86
1.0,0.0,0.0,0.0,0.0,22.91
1.0,0.0,0.0,0.0,0.0,22.94
1.0,0.0,0.0,0.0,0.0,22.97
1.0,0.0,0.0,0.0,0.0,22.99
1.0,0.0,0.0,0.0,0.0,23.05
1.0,0.0,0.0,0.0,0.0,23.07
1.0,0.0,0.0,0.0,0.0,23.12
1.0,0.0,0.0,0.0,0.0,23.15
1.0,0.0,0.0,0.0,0.0,23.2
1.0,0.0,0.0,0.0,0.0,23.26
1.0,0.0,0.0,0.0,0.0,23.3
1.0,0.0,0.0,0.0,0.0,23.33
1.0,0.0,0.0,0.0,0.0,23.36
1.0,0.0,0.0,0.0,0.0,23.39
1.0,0.0,0.0,0.0,0.0,23.41
1.0,0.0,0.0,0.0,0.0,23.44
1.0,0.0,0.0,0.0,0.0,23.47
1.0,0.0,0.0,0.0,0.0,23.5
1.0,0.0,0.0,0.0,0.0,23.52
1.0,0.0,0.0,0.0,0.0,23.56
1.0,0.0,0.0,0.0,0.0,23.58
1.0,0.0,0.0,0.0,0.0,23.6
1.0,0.0,0.0,0.0,0.0,23.63
1.0,0.0,0.0,0.0,0.0,23.67
1.0,0.0,0.0,0.0,0.0,23.69
1.0,0.0,0.0,0.0,0.0,23.72
1.0,0.0,0.0,0.0,0.0,23.74
1.0,0.0,0.0,0.0,0.0,23.78
1.0,0.0,0.0,0.0,0.0,23.8
1.0,0.0,0.0,0.0,0.0,23.83
1.0,0.0,0.0,0.0,0.0,23.86
1.0,0.0,0.0,0.0,0.0,23.89
1.0,0.0,0.0,0.0,0.0,23.91
1.0,0.0,0.0,0.0,0.0,23.93
1.0,0.0,0.0,0.0,0.0,23.96
1.0,0.0,0.0,0.0,0.0,23.99
1.0,0.0,0.0,0.0,0.0,24.0
1.0,0.0,0.0,0.0,0.0,24.04
1.0,0.0,0.0,0.0,0.0,24.06
1.0,0.0,0.0,0.0,0.0,24.11
1.0,0.0,0.0,0.0,0.0,24.16
1.0,0.0,0.0,0.0,0.0,24.21
1.0,0.0,0.0,0.0,0.0,24.25
1.0,0.0,0.0,0.0,0.0,24.29
1.0,0.0,0.0,0.0,0.0,24.31
1.0,0.0,0.0,0.0,0.0,24.36
1.0,0.0,0.0,0.0,0.0,24.39
1.0,0.0,0.0,0.0,0.0,24.43
1.0,0.0,0.0,0.0,0.0,24.46
1.0,0.0,0.0,0.0,0.0,24.49
1.0,0.0,0.0,0.0,0.0,24.54
1.0,0.0,0.0,0.0,0.0,24.57
1.0,0.0,0.0,0.0,0.0,24.59
1.0,0.0,0.0,0.0,0.0,24.63
1.0,0.0,0.0,0.0,0.0,24.67
1.0,0.0,0.0,0.0,0.0,24.69
1.0,0.0,0.0,0.0,0.0,24.72
1.0,0.0,0.0,0.0,0.0,24.74
1.0,0.0,0.0,0.0,0.0,24.77
1.0,0.0,0.0,0.0,0.0,24.81
1.0,0.0,0.0,0.0,0.0,24.83
1.0,0.0,0.0,0.0,0.0,24.9
1.0,0.0,0.0,0.0,0.0,24.93
1.0,0.0,0.0,0.0,0.0,24.98
1.0,0.0,0.0,0.0,0.0,25.0
1.0,0.0,0.0,0.0,0.0,25.05
1.0,0.0,0.0,0.0,0.0,25.1
1.0,0.0,0.0,0.0,0.0,25.11
1.0,0.0,0.0,0.0,0.0,25.14
1.0,0.0,0.0,0.0,0.0,25.16
1.0,0.0,0.0,0.0,0.0,25.2
1.0,0.0,0.0,0.0,0.0,25.24
1.0,0.0,0.0,0.0,0.0,25.26
1.0,0.0,0.0,0.0,0.0,25.31
1.0,0.0,0.0,0.0,0.0,25.34
1.0,0.0,0.0,0.0,0.0,25.36
1.0,0.0,0.0,0.0,0.0,25.38
1.0,0.0,0.0,0.0,0.0,25.39
1.0,0.0,0.0,0.0,0.0,25.41
1.0,0.0,0.0,0.0,0.0,25.44
1.0,0.0,0.0,0.0,0.0,25.46
1.0,0.0,0.0,0.0,0.0,25.49
1.0,0.0,0.0,0.0,0.0,25.52
1.0,0.0,0.0,0.0,0.0,25.57
1.0,0.0,0.0,0.0,0.0,25.6
1.0,0.0,0.0,0.0,0.0,25.62
1.0,0.0,0.0,0.0,0.0,25.64
1.0,0.0,0.0,0.0,0.0,25.67
1.0,0.0,0.0,0.0,0.0,25.71
1.0,0.0,0.0,0.0,0.0,25.74
1.0,0.0,0.0,0.0,0.0,25.81
1.0,0.0,0.0,0.0,0.0,25.83
1.0,0.0,0.0,0.0,0.0,25.86
1.0,0.0,0.0,0.0,0.0,25.93
1.0,0.0,0.0,0.0,0.0,25.95
1.0,0.0,0.0,0.0,0.0,26.01
1.0,0.0,0.0,0.0,0.0,26.09
1.0,0.0,0.0,0.0,0.0,26.12
1.0,0.0,0.0,0.0,0.0,26.17
1.0,0.0,0.0,0.0,0.0,26.22
1.0,0.0,0.0,0.0,0.0,26.24
1.0,0.0,0.0,0.0,0.0,26.27
1.0,0.0,0.0,0.0,0.0,26.34
1.0,0.0,0.0,0.0,0.0,26.36
1.0,0.0,0.0,0.0,0.0,26.38
1.0,0.0,0.0,0.0,0.0,26.41
1.0,0.0,0.0,0.0,0.0,26.44
1.0,0.0,0.0,0.0,0.0,26.47
1.0,0.0,0.0,0.0,0.0,26.51
1.0,0.0,0.0,0.0,0.0,26.53
1.0,0.0,0.0,0.0,0.0,26.55
1.0,0.0,0.0,0.0,0.0,26.6
1.0,0.0,0.0,0.0,0.0,26.63
1.0,0.0,0.0,0.0,0.0,26.66
1.0,0.0,0.0,0.0,0.0,26.74
1.0,0.0,0.0,0.0,0.0,26.76
1.0,0.0,0.0,0.0,0.0,26.79
1.0,0.0,0.0,0.0,0.0,26.82
1.0,0.0,0.0,0.0,0.0,26.85
1.0,0.0,0.0,0.0,0.0,26.87
1.0,0.0,0.0,0.0,0.0,26.91
1.0,0.0,0.0,0.0,0.0,26.93
1.0,0.0,0.0,0.0,0.0,26.96
1.0,0.0,0.0,0.0,0.0,27.0
1.0,0.0,0.0,0.0,0.0,27.05
1.0,0.0,0.0,0.0,0.0,27.09
1.0,0.0,0.0,0.0,0.0,27.11
1.0,0.0,0.0,0.0,0.0,27.13
1.0,0.0,0.0,0.0,0.0,27.19
1.0,0.0,0.0,0.0,0.0,27.23
1.0,0.0,0.0,0.0,0.0,27.25
1.0,0.0,0.0,0.0,0.0,27.29
1.0,0.0,0.0,0.0,0.0,27.32
1.0,0.0,0.0,0.0,0.0,27.35
1.0,0.0,0.0,0.0,0.0,27.39
1.0,0.0,0.0,0.0,0.0,27.42
1.0,0.0,0.0,0.0,0.0,27.45
1.0,0.0,0.0,0.0,0.0,27.46
1.0,0.0,0.0,0.0,0.0,27.51
1.0,0.0,0.0,0.0,0.0,27.56
1.0,0.0,0.0,0.0,0.0,27.58
1.0,0.0,0.0,0.0,0.0,27.63
1.0,0.0,0.0,0.0,0.0,27.67
1.0,0.0,0.0,0.0,0.0,27.72
1.0,0.0,0.0,0.0,0.0,27.74
1.0,0.0,0.0,0.0,0.0,27.76
1.0,0.0,0.0,0.0,0.0,27.79
1.0,0.0,0.0,0.0,0.0,27.83
1.0,0.0,0.0,0.0,0.0,27.9
1.0,0.0,0.0,0.0,0.0,27.92
1.0,0.0,0.0,0.0,0.0,27.97
1.0,0.0,0.0,0.0,0.0,28.03
1.0,0.0,0.0,0.0,0.0,28.07
1.0,0.0,0.0,0.0,0.0,28.15
1.0,0.0,0.0,0.0,0.0,28.18
1.0,0.0,0.0,0.0,0.0,28.21
1.0,0.0,0.0,0.0,0.0,28.25
1.0,0.0,0.0,0.0,0.0,28.28
1.0,0.0,0.0,0.0,0.0,28.3
1.0,0.0,0.0,0.0,0.0,28.31
1.0,0.0,0.0,0.0,0.0,28.34
1.0,0.0,0.0,0.0,0.0,28.36
1.0,0.0,0.0,0.0,0.0,28.38
1.0,0.0,0.0,0.0,0.0,28.4
1.0,0.0,0.0,0.0,0.0,28.42
1.0,0.0,0.0,0.0,0.0,28.44
1.0,0.0,0.0,0.0,0.0,28.51
1.0,0.0,0.0,0.0,0.0,28.54
1.0,0.0,0.0,0.0,0.0,28.6
1.0,0.0,0.0,0.0,0.0,28.64
1.0,0.0,0.0,0.0,0.0,28.7
1.0,0.0,0.0,0.0,0.0,28.73
1.0,0.0,0.0,0.0,0.0,28.77
1.0,0.0,0.0,0.0,0.0,28.79
1.0,0.0,0.0,0.0,0.0,28.81
1.0,0.0,0.0,0.0,0.0,28.87
1.0,0.0,0.0,0.0,0.0,28.91
1.0,0.0,0.0,0.0,0.0,28.93
1.0,0.0,0.0,0.0,0.0,28.95
1.0,0.0,0.0,0.0,0.0,29.02
1.0,0.0,0.0,0.0,0.0,29.05
1.0,0.0,0.0,0.0,0.0,29.08
1.0,0.0,0.0,0.0,0.0,29.15
1.0,0.0,0.0,0.0,0.0,29.17
1.0,0.0,0.0,0.0,0.0,29.19
1.0,0.0,0.0,0.0,0.0,29.23
1.0,0.0,0.0,0.0,0.0,29.3
1.0,0.0,0.0,0.0,0.0,29.33
1.0,0.0,0.0,0.0,0.0,29.35
1.0,0.0,0.0,0.0,0.0,29.38
1.0,0.0,0.0,0.0,0.0,29.41
1.0,0.0,0.0,0.0,0.0,29.44
1.0,0.0,0.0,0.0,0.0,29.5
1.0,0.0,0.0,0.0,0.0,29.53
1.0,0.0,0.0,0.0,0.0,29.59
1.0,0.0,0.0,0.0,0.0,29.61
1.0,0.0,0.0,0.0,0.0,29.63
1.0,0.0,0.0,0.0,0.0,29.66
1.0,0.0,0.0,0.0,0.0,29.69
1.0,0.0,0.0,0.0,0.0,29.72
1.0,0.0,0.0,0.0,0.0,29.75
1.0,0.0,0.0,0.0,0.0,29.77
1.0,0.0,0.0,0.0,0.0,29.8
1.0,0.0,0.0,0.0,0.0,29.86
1.0,0.0,0.0,0.0,0.0,29.89
1.0,0.0,0.0,0.0,0.0,29.93
1.0,0.0,0.0,0.0,0.0,29.95
1.0,0.0,0.0,0.0,0.0,29.99
1.0,0.0,0.0,0.0,0.0,30.02
1.0,0.0,0.0,0.0,0.0,30.06
1.0,0.0,0.0,0.0,0.0,30.1
1.0,0.0,0.0,0.0,0.0,30.13
1.0,0.0,0.0,0.0,0.0,30.15
1.0,0.0,0.0,0.0,0.0,30.18
1.0,0.0,0.0,0.0,0.0,30.22
1.0,0.0,0.0,0.0,0.0,30.27
1.0,0.0,0.0,0.0,0.0,30.3
1.0,0.0,0.0,0.0,0.0,30.36
1.0,0.0,0.0,0.0,0.0,30.4
1.0,0.0,0.0,0.0,0.0,30.45
1.0,0.0,0.0,0.0,0.0,30.47
1.0,0.0,0.0,0.0,0.0,30.53
1.0,0.0,0.0,0.0,0.0,30.57
1.0,0.0,0.0,0.0,0.0,30.6
1.0,0.0,0.0,0.0,0.0,30.67
1.0,0.0,0.0,0.0,0.0,30.71
1.0,0.0,0.0,0.0,0.0,30.73
1.0,0.0,0.0,0.0,0.0,30.76
1.0,0.0,0.0,0.0,0.0,30.79
1.0,0.0,0.0,0.0,0.0,30.83
1.0,0.0,0.0,0.0,0.0,30.87
1.0,0.0,0.0,0.0,0.0,30.9
1.0,0.0,0.0,0.0,0.0,30.92
1.0,0.0,0.0,0.0,0.0,30.95
1.0,0.0,0.0,0.0,0.0,30.98
1.0,0.0,0.0,0.0,0.0,31.05
1.0,0.0,0.0,0.0,0.0,31.13
1.0,0.0,0.0,0.0,0.0,31.15
1.0,0.0,0.0,0.0,0.0,31.18
1.0,0.0,0.0,0.0,0.0,31.22
1.0,0.0,0.0,0.0,0.0,31.25
1.0,0.0,0.0,0.0,0.0,31.28
1.0,0.0,0.0,0.0,0.0,31.3
1.0,0.0,0.0,0.0,0.0,31.32
1.0,0.0,0.0,0.0,0.0,31.34
1.0,0.0,0.0,0.0,0.0,31.38
1.0,0.0,0.0,0.0,0.0,31.4
1.0,0.0,0.0,0.0,0.0,31.43
1.0,0.0,0.0,0.0,0.0,31.46
1.0,0.0,0.0,0.0,0.0,31.49
1.0,0.0,0.0,0.0,0.0,31.51
1.0,0.0,0.0,0.0,0.0,31.54
1.0,0.0,0.0,0.0,0.0,31.59
1.0,0.0,0.0,0.0,0.0,31.66
1.0,0.0,0.0,0.0,0.0,31.71
1.0,0.0,0.0,0.0,0.0,31.74
1.0,0.0,0.0,0.0,0.0,31.77
1.0,0.0,0.0,0.0,0.0,31.81
1.0,0.0,0.0,0.0,0.0,31.85
1.0,0.0,0.0,0.0,0.0,31.88
1.0,0.0,0.0,0.0,0.0,31.92
1.0,0.0,0.0,0.0,0.0,31.96
1.0,0.0,0.0,0.0,0.0,31.98
1.0,0.0,0.0,0.0,0.0,32.01
1.0,0.0,0.0,0.0,0.0,32.06
1.0,0.0,0.0,0.0,0.0,32.11
1.0,0.0,0.0,0.0,0.0,32.14
1.0,0.0,0.0,0.0,0.0,32.17
1.0,0.0,0.0,0.0,0.0,32.24
1.0,0.0,0.0,0.0,0.0,32.27
1.0,0.0,0.0,0.0,0.0,32.32
1.0,0.0,0.0,0.0,0.0,32.37
1.0,0.0,0.0,0.0,0.0,32.41
1.0,0.0,0.0,0.0,0.0,32.43
1.0,0.0,0.0,0.0,0.0,32.48
1.0,0.0,0.0,0.0,0.0,32.51
1.0,0.0,0.0,0.0,0.0,32.52
1.0,0.0,0.0,0.0,0.0,32.59
1.0,0.0,0.0,0.0,0.0,32.65
1.0,0.0,0.0,0.0,0.0,32.68
1.0,0.0,0.0,0.0,0.0,32.72
1.0,0.0,0.0,0.0,0.0,32.76
1.0,0.0,0.0,0.0,0.0,32.79
1.0,0.0,0.0,0.0,0.0,32.81
1.0,0.0,0.0,0.0,0.0,32.86
1.0,0.0,0.0,0.0,0.0,32.89
1.0,0.0,0.0,0.0,0.0,32.91
1.0,0.0,0.0,0.0,0.0,32.93
1.0,0.0,0.0,0.0,0.0,32.95
1.0,0.0,0.0,0.0,0.0,32.97
1.0,0.0,0.0,0.0,0.0,32.99
1.0,0.0,0.0,0.0,0.0,33.02
1.0,0.0,0.0,0.0,0.0,33.05
1.0,0.0,0.0,0.0,0.0,33.07
1.0,0.0,0.0,0.0,0.0,33.13
1.0,0.0,0.0,0.0,0.0,33.2
1.0,0.0,0.0,0.0,0.0,33.23
1.0,0.0,0.0,0.0,0.0,33.3
1.0,0.0,0.0,0.0,0.0,33.33
1.0,0.0,0.0,0.0,0.0,33.35
1.0,0.0,0.0,0.0,0.0,33.38
1.0,0.0,0.0,0.0,0.0,33.41
1.0,0.0,0.0,0.0,0.0,33.48
1.0,0.0,0.0,0.0,0.0,33.52
1.0,0.0,0.0,0.0,0.0,33.56
1.0,0.0,0.0,0.0,0.0,33.59
1.0,0.0,0.0,0.0,0.0,33.61
1.0,0.0,0.0,0.0,0.0,33.63
1.0,0.0,0.0,0.0,0.0,33.66
1.0,0.0,0.0,0.0,0.0,33.69
1.0,0.0,0.0,0.0,0.0,33.72
1.0,0.0,0.0,0.0,0.0,33.75
1.0,0.0,0.0,0.0,0.0,33.77
1.0,0.0,0.0,0.0,0.0,33.82
1.0,0.0,0.0,0.0,0.0,33.85
1.0,0.0,0.0,0.0,0.0,33.88
1.0,0.0,0.0,0.0,0.0,33.9
1.0,0.0,0.0,0.0,0.0,33.93
1.0,0.0,0.0,0.0,0.0,33.97
1.0,0.0,0.0,0.0,0.0,34.04
1.0,0.0,0.0,0.0,0.0,34.06
1.0,0.0,0.0,0.0,0.0,34.1
1.0,0.0,0.0,0.0,0.0,34.12
1.0,0.0,0.0,0.0,0.0,34.15
1.0,0.0,0.0,0.0,0.0,34.2
1.0,0.0,0.0,0.0,0.0,34.23
1.0,0.0,0.0,0.0,0.0,34.25
1.0,0.0,0.0,0.0,0.0,34.32
1.0,0.0,0.0,0.0,0.0,34.36
1.0,0.0,0.0,0.0,0.0,34.41
1.0,0.0,0.0,0.0,0.0,34.45
1.0,0.0,0.0,0.0,0.0,34.48
1.0,0.0,0.0,0.0,0.0,34.5
1.0,0.0,0.0,0.0,0.0,34.53
1.0,0.0,0.0,0.0,0.0,34.56
1.0,0.0,0.0,0.0,0.0,34.58
1.0,0.0,0.0,0.0,0.0,34.61
1.0,0.0,0.0,0.0,0.0,34.64
1.0,0.0,0.0,0.0,0.0,34.66
1.0,0.0,0.0,0.0,0.0,34.71
1.0,0.0,0.0,0.0,0.0,34.74
1.0,0.0,0.0,0.0,0.0,34.79
1.0,0.0,0.0,0.0,0.0,34.84
1.0,0.0,0.0,0.0,0.0,34.86
1.0,0.0,0.0,0.0,0.0,34.9
1.0,0.0,0.0,0.0,0.0,34.92
1.0,0.0,0.0,0.0,0.0,34.94
1.0,0.0,0.0,0.0,0.0,35.0
1.0,0.0,0.0,0.0,0.0,35.02
1.0,0.0,0.0,0.0,0.0,35.04
